eye 0 0 0       0 0 -1      0 1 0
light 10 10 10
sphere 0 0 -5      1            1 0 0           0
sphere 1 1 -6      1            0.1 0.8 0.9     0
sphere 0 3 -5      1.5          0.2 0.8 0.2     0.4
plane 0 1 0         0 -1.5 0      0.9 0.1 0.7     0.2
sphere 8.94 -1 -17.96       0.5        0.37 0.10 0.02        0.25
sphere 2.12 -1 -8.28       0.5        0.54 0.48 0.67        0.25
sphere -2.67 -1 -4.66       0.5        0.92 0.24 0.34        0.25
sphere -0.90 -1 -2.28       0.5        0.28 0.79 0.58        0.25
sphere 8.46 -1 -2.50       0.5        0.13 0.10 0.90        0.25
sphere 0.20 -1 -10.62       0.5        0.02 0.65 0.80        0.25
sphere 5.03 -1 -10.83       0.5        0.45 0.98 0.07        0.25
sphere -5.79 -1 -18.03       0.5        0.04 0.75 0.47        0.25
sphere 3.47 -1 -5.52       0.5        0.79 0.27 0.94        0.25
sphere -2.58 -1 -13.58       0.5        0.97 0.47 0.73        0.25
sphere -4.24 -1 -15.52       0.5        0.40 0.73 0.10        0.25
sphere 6.67 -1 -11.70       0.5        0.22 0.91 0.61        0.25
sphere 2.09 -1 -18.20       0.5        0.57 0.86 0.82        0.25
sphere -6.65 -1 -5.72       0.5        0.22 0.68 0.41        0.25
sphere 3.79 -1 -18.70       0.5        0.66 0.25 0.74        0.25
sphere -7.66 -1 -3.68       0.5        0.12 0.54 0.04        0.25
sphere 1.63 -1 -7.64       0.5        0.73 0.35 0.75        0.25
sphere -3.23 -1 -4.23       0.5        0.47 0.36 0.69        0.25
sphere -3.76 -1 -17.92       0.5        0.58 0.70 0.27        0.25
sphere -4.71 -1 -5.06       0.5        0.13 0.79 0.15        0.25
